
JHI_FullSurvey_75m_Flight_01_00020.JPG, 3635.60107421875 5952.147705078125 3676.7403564453125 5999.600738525391
JHI_FullSurvey_75m_Flight_01_00026.JPG, 994.6869506835938 5965.6549072265625 1040.5598754882812 5997.644226074219
JHI_FullSurvey_75m_Flight_01_00033.JPG, 559.992431640625 489.87152099609375 609.529296875 530.5947875976562, 609.0262451171875 434.108154296875 639.6829833984375 529.5693359375
JHI_FullSurvey_75m_Flight_01_00034.JPG, 2726.92578125 324.4264831542969 2769.4653930664062 430.4339294433594, 2678.1668090820312 384.69647216796875 2727.813507080078 427.30145263671875
JHI_FullSurvey_75m_Flight_01_00042.JPG, 987.0510559082031 640.0842361450195 1012.2547912597656 678.3811492919922
JHI_FullSurvey_75m_Flight_01_00046.JPG, 3863.035243988037 2560.0 3987.3670349121094 2648.691909790039
JHI_FullSurvey_75m_Flight_01_00061.JPG, 1619.54150390625 3871.180128097534 1715.60888671875 3896.397506713867
JHI_FullSurvey_75m_Flight_01_00062.JPG, 1372.3894653320312 4069.520721435547 1427.6320037841797 4100.798889160156, 1321.8350982666016 4063.268020629883 1397.8724975585938 4152.620300292969, 3757.9317626953125 3889.2542304992676 3840.0 3919.915267944336
JHI_FullSurvey_75m_Flight_01_00063.JPG, 362.61004638671875 2053.9197998046875 404.23602294921875 2141.2005615234375, 332.0152893066406 2091.1717681884766 375.6231994628906 2140.620315551758, 3625.8136596679688 4145.614685058594 3679.9690551757812 4178.722595214844, 3573.947265625 4140.214416503906 3652.666748046875 4225.088195800781
JHI_FullSurvey_75m_Flight_01_00064.JPG, 2608.4019470214844 1951.1007232666016 2653.1812438964844 2041.4428100585938, 2578.577268600464 1987.9863891601562 2622.5530548095703 2039.8985748291016
JHI_FullSurvey_75m_Flight_01_00067.JPG, 488.73211669921875 960.913818359375 528.5538940429688 1052.67138671875, 546.6461181640625 797.9140319824219 584.0384521484375 877.3057556152344
JHI_FullSurvey_75m_Flight_01_00068.JPG, 2720.4967041015625 837.9536437988281 2752.0844116210938 924.9480285644531, 2652.439987182617 964.1729736328125 2682.8015899658203 1057.9117431640625
JHI_FullSurvey_75m_Flight_01_00069.JPG, 0.08689308166503906 2255.6758422851562 20.46675682067871 2332.7070922851562
JHI_FullSurvey_75m_Flight_01_00070.JPG, 1960.647964477539 2297.2877807617188 2009.1772766113281 2375.7495727539062
JHI_FullSurvey_75m_Flight_01_00076.JPG, 1878.06591796875 4166.3126220703125 1919.587646484375 4234.8826904296875, 1848.9158935546875 4183.4019775390625 1877.224365234375 4254.4298095703125, 1920.0493125915527 4182.790954589844 1936.177089691162 4248.900939941406
JHI_FullSurvey_75m_Flight_01_00079.JPG, 1479.6277770996094 4480.0 1517.1508483886719 4515.72993850708
JHI_FullSurvey_75m_Flight_01_00084.JPG, 1753.8270263671875 3382.852996826172 1782.3380126953125 3423.101287841797
JHI_FullSurvey_75m_Flight_01_00085.JPG, 2100.3963012695312 4834.423156738281 2133.544403076172 4883.107238769531, 1939.448715209961 5260.504745483398 2017.782943725586 5338.720932006836, 1933.83544921875 5224.610626220703 2009.2869186401367 5257.020324707031, 765.3570938110352 5929.451934814453 828.1492004394531 5998.169830322266
JHI_FullSurvey_75m_Flight_01_00095.JPG, 714.546501159668 2972.5682983398438 762.5006942749023 3018.3053588867188, 2104.1952514648438 4894.913635253906 2138.2076416015625 4942.832824707031
JHI_FullSurvey_75m_Flight_01_00096.JPG, 2988.3510131835938 3072.4711303710938 3034.3347778320312 3113.2525024414062
JHI_FullSurvey_75m_Flight_01_00097.JPG, 1140.0328063964844 4345.303466796875 1186.6466064453125 4414.1212158203125, 1020.4542846679688 4400.101013183594 1109.9391479492188 4472.971618652344
JHI_FullSurvey_75m_Flight_01_00098.JPG, 3357.1559143066406 4412.169982910156 3406.183319091797 4477.647033691406, 591.4888916015625 4705.220001220703 620.10888671875 4752.888244628906, 3250.5425033569336 4480.0 3317.8674392700195 4533.406688690186
JHI_FullSurvey_75m_Flight_01_00100.JPG, 685.0259399414062 2823.2503051757812 751.5869750976562 2904.6029663085938, 723.3217315673828 2850.3206787109375 763.7301177978516 2904.422119140625, 655.0315809249878 2829.362548828125 671.665584564209 2859.2042236328125
JHI_FullSurvey_75m_Flight_01_00101.JPG, 3050.6854248046875 2680.40535736084 3106.89013671875 2755.9396057128906, 3080.0343627929688 2711.279022216797 3129.4346313476562 2757.9769592285156
JHI_FullSurvey_75m_Flight_01_00102.JPG, 1504.2423400878906 824.0492858886719 1552.39306640625 854.6067199707031
JHI_FullSurvey_75m_Flight_01_00103.JPG, 3722.210693359375 1213.0613403320312 3768.672119140625 1242.0729370117188
JHI_FullSurvey_75m_Flight_01_00121.JPG, 3745.7959594726562 2963.8406372070312 3817.0759887695312 3040.2770385742188, 3712.3069458007812 2990.843994140625 3747.9956665039062 3058.7347412109375
JHI_FullSurvey_75m_Flight_01_00122.JPG, 3705.5723876953125 786.0953216552734 3742.0703125 858.2142486572266, 3733.893798828125 759.0262222290039 3809.652587890625 827.8115539550781
JHI_FullSurvey_75m_Flight_01_00127.JPG, 5061.906677246094 2624.3712768554688 5096.367858886719 2699.4652709960938, 4977.178649902344 2779.8147888183594 5040.302795410156 2862.460418701172
JHI_FullSurvey_75m_Flight_01_00128.JPG, 5000.1632080078125 447.58135986328125 5036.0762939453125 516.8767700195312, 4933.2845458984375 580.740478515625 4967.112243652344 639.7445068359375, 4937.577697753906 640.205379486084 4971.959045410156 671.4503154754639
JHI_FullSurvey_75m_Flight_01_00130.JPG, 4215.7066650390625 3527.3848876953125 4232.2735595703125 3559.858642578125
JHI_FullSurvey_75m_Flight_01_00134.JPG, 5588.1064453125 2885.0280151367188 5681.7734375 2926.6205444335938, 5601.5003662109375 2829.2203979492188 5638.320251464844 2893.9285278320312
JHI_FullSurvey_75m_Flight_01_00135.JPG, 5429.4525146484375 713.2775726318359 5466.3756103515625 773.8284606933594, 5413.277770996094 766.1788177490234 5506.546081542969 809.2663421630859
JHI_FullSurvey_75m_Flight_01_00146.JPG, 2769.6500549316406 2693.0050506591797 2800.6286010742188 2741.3929901123047, 2744.0730590820312 2744.6348876953125 2846.029571533203 2781.6555786132812
JHI_FullSurvey_75m_Flight_01_00147.JPG, 2697.9256286621094 369.2168273925781 2724.5868225097656 433.2411804199219, 2672.1022033691406 428.334228515625 2771.734619140625 467.3455810546875
JHI_FullSurvey_75m_Flight_01_00150.JPG, 4887.4293212890625 2401.0193481445312 4934.72998046875 2473.3463745117188, 4947.124786376953 2398.1102905273438 4991.422821044922 2452.8250122070312, 4940.7625732421875 2448.846923828125 5042.0396728515625 2489.225830078125
JHI_FullSurvey_75m_Flight_01_00151.JPG, 5017.23779296875 197.46853637695312 5068.43408203125 274.6083068847656, 5080.82666015625 194.83660888671875 5119.9501953125 254.49884033203125, 5075.6070556640625 259.28875732421875 5119.6112060546875 290.21331787109375, 5120.0 247.20909118652344 5184.112197875977 282.80712890625, 511.564453125 3693.8096618652344 615.8551025390625 3733.1051025390625, 555.9095458984375 3727.7325439453125 592.6051025390625 3790.373291015625
JHI_FullSurvey_75m_Flight_01_00152.JPG, 571.9779052734375 1500.8701171875 608.619140625 1561.5232849121094, 526.4586791992188 1465.2587585449219 632.5962524414062 1501.7749938964844, 5073.9425048828125 2028.4262390136719 5119.7371826171875 2104.449920654297, 4989.2734375 2034.4765319824219 5025.03515625 2125.7691650390625
JHI_FullSurvey_75m_Flight_01_00154.JPG, 4053.7014770507812 2925.10986328125 4098.36279296875 2961.3751220703125, 2210.0869140625 3592.459503173828 2249.9970703125 3648.999481201172, 2192.04638671875 3644.345947265625 2297.92236328125 3678.86376953125
JHI_FullSurvey_75m_Flight_01_00155.JPG, 2117.1180572509766 1355.930892944336 2160.8143157958984 1409.1080780029297, 2092.356475830078 1406.798713684082 2205.5266723632812 1439.5787963867188, 3952.159065246582 708.5153732299805 3995.061767578125 739.5187301635742
JHI_FullSurvey_75m_Flight_01_00160.JPG, 640.0721054077148 3912.6589889526367 696.41259765625 3946.933433532715